[
                    [37.641654,55.897509],
                    [37.6451,55.897068],
                    [37.649172,55.896619],
                    [37.652432,55.896286],
                    [37.655059,55.896053],
                    [37.658867,55.89576],
                    [37.657188,55.895877],
                    [37.659634,55.895706],
                    [37.660953,55.895621],
                    [37.66194,55.895555],
                    [37.663282,55.895473],
                    [37.663775,55.895452],
                    [37.664875,55.895389],
                    [37.666098,55.895335],
                    [37.667418,55.895281],
                    [37.668973,55.895214],
                    [37.67076,55.895154],
                    [37.672278,55.895121],
                    [37.673812,55.895079],
                    [37.6757,55.895024],
                    [37.679799,55.894913],
                    [37.685222,55.894759],
                    [37.690404,55.894611],
                    [37.692582,55.894554],
                    [37.694631,55.894425],
                    [37.696112,55.89428],
                    [37.698113,55.894018],
                    [37.699744,55.893707],
                    [37.701557,55.893315],
                    [37.70263,55.893035],
                    [37.70418,55.892574],
                    [37.705746,55.892031],
                    [37.706846,55.8916],
                    [37.708284,55.890979],
                    [37.709222,55.890554],
                    [37.7108,55.889852],
                    [37.71228,55.889152],
                    [37.713493,55.888537],
                    [37.714474,55.888037],
                    [37.716405,55.887051],
                    [37.7175,55.88646],
                    [37.718122,55.886123],
                    [37.718648,55.885857],
                    [37.719356,55.885483],
                    [37.720107,55.885122],
                    [37.721094,55.884579],
                    [37.721984,55.884151],
                    [37.723368,55.883433],
                    [37.724549,55.88283],
                    [37.726287,55.881932],
                    [37.727124,55.881515],
                    [37.727531,55.881295],
                    [37.728223,55.880969],
                    [37.729023,55.880607],
                    [37.729897,55.880222],
                    [37.730584,55.879905],
                    [37.731383,55.879513],
                    [37.73266,55.878871],
                    [37.734682,55.877815],
                    [37.736082,55.877094],
                    [37.736737,55.876766],
                    [37.73737,55.876443],
                    [37.738217,55.876],
                    [37.739124,55.875538],
                    [37.740272,55.874941],
                    [37.741216,55.874459],
                    [37.742262,55.873919],
                    [37.743238,55.873424],
                    [37.74489,55.872562],
                    [37.74614,55.871934],
                    [37.747058,55.871452],
                    [37.748072,55.87093],
                    [37.749166,55.870375],
                    [37.750035,55.869932],
                    [37.750963,55.869455],
                    [37.751558,55.869141],
                    [37.752653,55.868583],
                    [37.753527,55.868128],
                    [37.754208,55.867784],
                    [37.755094,55.867325],
                    [37.756038,55.866843],
                    [37.757062,55.866318],
                    [37.757829,55.865923],
                    [37.758516,55.865573],
                    [37.759439,55.865096],
                    [37.760453,55.864574],
                    [37.761445,55.864062],
                    [37.762126,55.863715],
                    [37.762861,55.863328],
                    [37.763489,55.863015],
                    [37.76395,55.862776],
                    [37.765999,55.861718],
                    [37.766965,55.861226],
                    [37.767818,55.860779],
                    [37.768784,55.860287],
                    [37.769728,55.859799],
                    [37.770436,55.85944],
                    [37.771224,55.859032],
                    [37.772072,55.858598],
                    [37.772984,55.85813],
                    [37.773832,55.857696],
                    [37.774524,55.85734],
                    [37.775393,55.856887],
                    [37.776015,55.856564],
                    [37.777045,55.856042],
                    [37.777839,55.855629],
                    [37.778665,55.855204],
                    [37.779266,55.854899],
                    [37.779802,55.854621],
                    [37.780355,55.854332],
                    [37.781143,55.853933],
                    [37.781932,55.853517],
                    [37.782592,55.853176],
                    [37.783192,55.852874],
                    [37.783858,55.852527],
                    [37.784571,55.852162],
                    [37.785515,55.851673],
                    [37.785955,55.851453],
                    [37.786551,55.851148],
                    [37.787108,55.850855],
                    [37.787597,55.850608],
                    [37.787999,55.850406],
                    [37.788948,55.849908],
                    [37.789775,55.849488],
                    [37.790391,55.849168],
                    [37.791078,55.848806],
                    [37.791534,55.848577],
                    [37.791963,55.848351],
                    [37.792677,55.847982],
                    [37.793369,55.847623],
                    [37.793744,55.847433],
                    [37.794232,55.84718],
                    [37.794882,55.846851],
                    [37.795461,55.846555],
                    [37.796035,55.846253],
                    [37.796432,55.846051],
                    [37.797022,55.845746],
                    [37.797558,55.845462],
                    [37.79788,55.845308],
                    [37.798207,55.845139],
                    [37.79861,55.844931],
                    [37.799093,55.844681],
                    [37.799565,55.844436],
                    [37.799978,55.844222],
                    [37.800305,55.844053],
                    [37.80075,55.843823],
                    [37.80119,55.8436],
                    [37.8017,55.843334],
                    [37.802193,55.843081],
                    [37.802966,55.842682],
                    [37.803475,55.842429],
                    [37.803872,55.842215],
                    [37.804505,55.841886],
                    [37.804961,55.841656],
                    [37.80553,55.841363],
                    [37.805943,55.841149],
                    [37.806308,55.840965],
                    [37.806619,55.840799],
                    [37.807021,55.840588],
                    [37.807568,55.840313],
                    [37.807949,55.840123],
                    [37.808207,55.839981],
                    [37.808507,55.839827],
                    [37.808802,55.839673],
                    [37.809188,55.839474],
                    [37.80965,55.839235],
                    [37.810277,55.838912],
                    [37.810808,55.838635],
                    [37.81134,55.838366],
                    [37.811822,55.838112],
                    [37.812589,55.83772],
                    [37.814558,55.836706],
                    [37.816516,55.8357],
                    [37.818142,55.834861],
                    [37.819746,55.83404],
                    [37.820963,55.833409],
                    [37.822573,55.832576],
                    [37.823538,55.832084],
                    [37.824177,55.831764],
                    [37.824831,55.831419],
                    [37.825523,55.831057],
                    [37.82614,55.830737],
                    [37.826698,55.830456],
                    [37.827385,55.830097],
                    [37.828264,55.829635],
                    [37.828538,55.829499],
                    [37.828962,55.829264],
                    [37.829407,55.829013],
                    [37.829756,55.828811],
                    [37.829981,55.828669],
                    [37.830238,55.828506],
                    [37.83056,55.828291],
                    [37.83093,55.82805],
                    [37.831349,55.827763],
                    [37.831644,55.827546],
                    [37.831842,55.827416],
                    [37.832084,55.827222],
                    [37.832384,55.826981],
                    [37.832717,55.826709],
                    [37.833103,55.82638],
                    [37.833478,55.826045],
                    [37.833774,55.825764],
                    [37.834111,55.825423],
                    [37.834546,55.824973],
                    [37.834905,55.824571],
                    [37.835152,55.824275],
                    [37.835485,55.823849],
                    [37.835801,55.823424],
                    [37.836155,55.822904],
                    [37.836402,55.822554],
                    [37.836697,55.822025],
                    [37.836965,55.821512],
                    [37.837126,55.821192],
                    [37.837384,55.820573],
                    [37.837588,55.819997],
                    [37.837663,55.819819],
                    [37.837818,55.819136],
                    [37.837942,55.818593],
                    [37.838033,55.817928],
                    [37.838081,55.817375],
                    [37.838156,55.81701],
                    [37.838221,55.816738],
                    [37.838306,55.816385],
                    [37.838414,55.815941],
                    [37.838542,55.815306],
                    [37.838596,55.814699],
                    [37.838671,55.814095],
                    [37.838736,55.813482],
                    [37.838795,55.812993],
                    [37.838902,55.812008],
                    [37.838977,55.811298],
                    [37.839057,55.810501],
                    [37.839332,55.808112],
                    [37.83946,55.806638],
                    [37.839417,55.805792],
                    [37.83946,55.805248],
                    [37.839482,55.804849],
                    [37.839525,55.804209],
                    [37.839611,55.803399],
                    [37.839739,55.80242],
                    [37.839975,55.800425],
                    [37.840126,55.799011],
                    [37.840286,55.797385],
                    [37.840522,55.795481],
                    [37.840748,55.793296],
                    [37.840962,55.791432],
                    [37.841145,55.7898],
                    [37.841327,55.788089],
                    [37.84152,55.786372],
                    [37.841649,55.785103],
                    [37.841756,55.784105],
                    [37.841949,55.782231],
                    [37.842132,55.780484],
                    [37.842303,55.779099],
                    [37.842497,55.777418],
                    [37.842636,55.776094],
                    [37.842776,55.774721],
                    [37.842904,55.773542],
                    [37.843044,55.77229],
                    [37.843097,55.770863],
                    [37.843065,55.770167],
                    [37.842979,55.768516],
                    [37.842915,55.76727],
                    [37.842883,55.766187],
                    [37.842765,55.765068],
                    [37.842722,55.763937],
                    [37.842636,55.762395],
                    [37.842582,55.760586],
                    [37.842475,55.758892],
                    [37.842389,55.757126],
                    [37.842314,55.755813],
                    [37.842218,55.754155],
                    [37.842121,55.752061],
                    [37.842025,55.750016],
                    [37.841917,55.748443],
                    [37.841831,55.746845],
                    [37.841767,55.745393],
                    [37.841649,55.743517],
                    [37.841542,55.741901],
                    [37.841402,55.740472],
                    [37.841231,55.739123],
                    [37.841091,55.737821],
                    [37.840919,55.736514],
                    [37.840737,55.734982],
                    [37.840544,55.733632],
                    [37.840415,55.732409],
                    [37.840254,55.731253],
                    [37.840126,55.730036],
                    [37.839954,55.728765],
                    [37.839825,55.727633],
                    [37.83975,55.726894],
                    [37.839611,55.725719],
                    [37.83945,55.72446],
                    [37.839299,55.723158],
                    [37.839138,55.721705],
                    [37.83886,55.719404],
                    [37.838677,55.717787],
                    [37.838473,55.716363],
                    [37.83842,55.715703],
                    [37.838227,55.715158],
                    [37.838087,55.714625],
                    [37.837926,55.714147],
                    [37.837883,55.713807],
                    [37.837712,55.713335],
                    [37.837422,55.71282],
                    [37.837239,55.71259],
                    [37.837025,55.712196],
                    [37.836585,55.7113],
                    [37.835952,55.709992],
                    [37.834911,55.708132],
                    [37.8346,55.707599],
                    [37.834343,55.707029],
                    [37.834042,55.706424],
                    [37.833731,55.705854],
                    [37.833484,55.705436],
                    [37.833002,55.704594],
                    [37.832529,55.703673],
                    [37.8318,55.702262],
                    [37.831017,55.700808],
                    [37.830459,55.699578],
                    [37.830276,55.699093],
                    [37.830158,55.698844],
                    [37.829944,55.698178],
                    [37.829579,55.696978],
                    [37.829279,55.695439],
                    [37.829128,55.694118],
                    [37.829128,55.693251],
                    [37.82915,55.692294],
                    [37.829246,55.691118],
                    [37.829461,55.690155],
                    [37.829686,55.68904],
                    [37.829826,55.688621],
                    [37.830105,55.687779],
                    [37.830502,55.686724],
                    [37.830791,55.685906],
                    [37.831103,55.685058],
                    [37.831489,55.684057],
                    [37.831832,55.683045],
                    [37.832272,55.682033],
                    [37.832648,55.68116],
                    [37.833066,55.680232],
                    [37.833216,55.679887],
                    [37.833774,55.678353],
                    [37.83415,55.677307],
                    [37.8346,55.676095],
                    [37.83504,55.674846],
                    [37.835405,55.673876],
                    [37.835662,55.673178],
                    [37.836167,55.671823],
                    [37.836842,55.669938],
                    [37.837368,55.668531],
                    [37.837765,55.667415],
                    [37.838151,55.666342],
                    [37.838623,55.665056],
                    [37.839063,55.663783],
                    [37.839278,55.662982],
                    [37.839417,55.662254],
                    [37.839493,55.661423],
                    [37.839503,55.660653],
                    [37.83946,55.659719],
                    [37.839364,55.658809],
                    [37.839289,55.658397],
                    [37.839181,55.65796],
                    [37.839096,55.657469],
                    [37.838945,55.657087],
                    [37.838634,55.656195],
                    [37.83842,55.655673],
                    [37.838012,55.654867],
                    [37.837529,55.654181],
                    [37.836875,55.653138],
                    [37.836446,55.652616],
                    [37.835652,55.6517],
                    [37.834901,55.650954],
                    [37.834214,55.650365],
                    [37.833238,55.649613],
                    [37.832583,55.649122],
                    [37.830566,55.647769],
                    [37.829043,55.646786],
                    [37.825084,55.644213],
                    [37.822047,55.642229],
                    [37.819558,55.640573],
                    [37.817262,55.639098],
                    [37.814838,55.63749],
                    [37.8134,55.636574],
                    [37.811265,55.63519],
                    [37.809098,55.633776],
                    [37.806984,55.632368],
                    [37.805514,55.631409],
                    [37.803422,55.630055],
                    [37.801459,55.628793],
                    [37.798455,55.626795],
                    [37.796502,55.625606],
                    [37.794979,55.62478],
                    [37.791856,55.623056],
                    [37.790161,55.622097],
                    [37.788917,55.621423],
                    [37.787747,55.620822],
                    [37.787093,55.620494],
                    [37.786428,55.620166],
                    [37.785945,55.619923],
                    [37.785537,55.619705],
                    [37.784421,55.619098],
                    [37.783381,55.618527],
                    [37.782276,55.617908],
                    [37.780902,55.617155],
                    [37.779293,55.616286],
                    [37.777651,55.615345],
                    [37.773145,55.612876],
                    [37.770184,55.611233],
                    [37.767309,55.609648],
                    [37.763039,55.607313],
                    [37.759949,55.605606],
                    [37.756902,55.60393],
                    [37.75584,55.603329],
                    [37.754778,55.602752],
                    [37.753211,55.601968],
                    [37.752171,55.601482],
                    [37.750368,55.600705],
                    [37.747579,55.599538],
                    [37.74598,55.59887],
                    [37.74465,55.598305],
                    [37.742203,55.597291],
                    [37.740251,55.596465],
                    [37.737504,55.595304],
                    [37.735712,55.594551],
                    [37.73332,55.593561],
                    [37.730616,55.592431],
                    [37.728063,55.591361],
                    [37.726668,55.590784],
                    [37.726207,55.590565],
                    [37.724383,55.589824],
                    [37.722473,55.58901],
                    [37.721153,55.588451],
                    [37.719437,55.587764],
                    [37.717935,55.587205],
                    [37.716508,55.58667],
                    [37.714759,55.586002],
                    [37.713643,55.585601],
                    [37.708365,55.583626],
                    [37.702904,55.581596],
                    [37.701927,55.581225],
                    [37.701091,55.580916],
                    [37.699631,55.58035],
                    [37.696005,55.579001],
                    [37.693108,55.577919],
                    [37.690254,55.576856],
                    [37.688109,55.576047],
                    [37.687014,55.575664],
                    [37.685265,55.57502],
                    [37.684482,55.574753],
                    [37.68283,55.574187],
                    [37.681349,55.573743],
                    [37.679794,55.573354],
                    [37.679021,55.573172],
                    [37.678313,55.573044],
                    [37.67723,55.572832],
                    [37.676049,55.572637],
                    [37.674462,55.57243],
                    [37.673442,55.572321],
                    [37.671854,55.572163],
                    [37.670803,55.572084],
                    [37.669526,55.572054],
                    [37.667584,55.572035],
                    [37.665868,55.572072],
                    [37.664183,55.572175],
                    [37.661737,55.572297],
                    [37.659076,55.572473],
                    [37.656426,55.572631],
                    [37.65442,55.572765],
                    [37.652264,55.572874],
                    [37.650676,55.572971],
                    [37.648573,55.573081],
                    [37.646395,55.573227],
                    [37.639346,55.573634],
                    [37.63396,55.573944],
                    [37.629175,55.574224],
                    [37.621762,55.574667],
                    [37.61791,55.57488],
                    [37.615174,55.57505],
                    [37.610636,55.575312],
                    [37.60496,55.57564],
                    [37.599252,55.575956],
                    [37.596871,55.576126],
                    [37.596023,55.576181],
                    [37.594768,55.576315],
                    [37.59362,55.576454],
                    [37.592558,55.576619],
                    [37.590208,55.577014],
                    [37.58935,55.577184],
                    [37.587397,55.577634],
                    [37.584994,55.578211],
                    [37.582526,55.578807],
                    [37.579812,55.579463],
                    [37.578245,55.57984],
                    [37.575177,55.580569],
                    [37.572902,55.581116],
                    [37.571497,55.581456],
                    [37.569169,55.582022],
                    [37.566669,55.582623],
                    [37.564298,55.583188],
                    [37.561433,55.583881],
                    [37.559341,55.58438],
                    [37.556112,55.585151],
                    [37.548269,55.587023],
                    [37.542518,55.588414],
                    [37.536328,55.589891],
                    [37.533721,55.590523],
                    [37.532508,55.590821],
                    [37.531242,55.591094],
                    [37.528635,55.591726],
                    [37.52621,55.592291],
                    [37.525148,55.592552],
                    [37.523636,55.592911],
                    [37.520846,55.593579],
                    [37.519473,55.593907],
                    [37.518212,55.594205],
                    [37.517016,55.594514],
                    [37.5162,55.594751],
                    [37.514698,55.595219],
                    [37.513647,55.595578],
                    [37.511458,55.596434],
                    [37.510493,55.596884],
                    [37.50987,55.597175],
                    [37.509549,55.597327],
                    [37.50898,55.597637],
                    [37.508377,55.597965],
                    [37.508029,55.598162],
                    [37.50775,55.598332],
                    [37.507471,55.59849],
                    [37.507181,55.598669],
                    [37.506425,55.599155],
                    [37.505411,55.599884],
                    [37.504193,55.600853],
                    [37.502879,55.601986],
                    [37.501302,55.603331],
                    [37.499955,55.604492],
                    [37.499049,55.605275],
                    [37.497976,55.606192],
                    [37.497134,55.606927],
                    [37.496039,55.607853],
                    [37.494768,55.608934],
                    [37.493716,55.609851],
                    [37.492821,55.610617],
                    [37.491742,55.611549],
                    [37.490707,55.612429],
                    [37.489865,55.613146],
                    [37.489001,55.613887],
                    [37.488304,55.614485],
                    [37.487327,55.615341],
                    [37.487145,55.615484],
                    [37.486818,55.615766],
                    [37.486571,55.615985],
                    [37.485605,55.616804],
                    [37.484296,55.617937],
                    [37.483197,55.618869],
                    [37.482301,55.619643],
                    [37.481062,55.620699],
                    [37.480042,55.621573],
                    [37.479785,55.621786],
                    [37.47927,55.622226],
                    [37.478825,55.622615],
                    [37.478213,55.623143],
                    [37.47736,55.623871],
                    [37.47655,55.62456],
                    [37.475799,55.625216],
                    [37.475322,55.62562],
                    [37.474775,55.626096],
                    [37.474131,55.626645],
                    [37.473594,55.627098],
                    [37.473171,55.627471],
                    [37.472645,55.627914],
                    [37.47228,55.628236],
                    [37.471717,55.628709],
                    [37.470397,55.629832],
                    [37.469126,55.630928],
                    [37.466295,55.633362],
                    [37.463431,55.635808],
                    [37.461135,55.637781],
                    [37.459096,55.639528],
                    [37.457423,55.640942],
                    [37.456425,55.64181],
                    [37.455663,55.642453],
                    [37.45474,55.64323],
                    [37.453989,55.643891],
                    [37.452605,55.645081],
                    [37.451983,55.645608],
                    [37.450932,55.646494],
                    [37.449869,55.64741],
                    [37.448936,55.648205],
                    [37.448357,55.648727],
                    [37.448013,55.648982],
                    [37.447488,55.649443],
                    [37.447037,55.649807],
                    [37.446501,55.65028],
                    [37.446136,55.650602],
                    [37.445127,55.651457],
                    [37.44428,55.652161],
                    [37.443894,55.652494],
                    [37.443518,55.652804],
                    [37.443035,55.653174],
                    [37.442499,55.653568],
                    [37.441716,55.654187],
                    [37.441147,55.654666],
                    [37.440181,55.655461],
                    [37.439334,55.656207],
                    [37.438132,55.657238],
                    [37.43751,55.657759],
                    [37.437065,55.658129],
                    [37.435815,55.659209],
                    [37.4353,55.659664],
                    [37.434935,55.660006],
                    [37.434624,55.660285],
                    [37.434162,55.660755],
                    [37.433605,55.661371],
                    [37.433352,55.661607],
                    [37.432204,55.662778],
                    [37.431266,55.663821],
                    [37.430767,55.664409],
                    [37.430391,55.664928],
                    [37.429812,55.66568],
                    [37.429436,55.666174],
                    [37.429034,55.666699],
                    [37.428508,55.667384],
                    [37.42809,55.667969],
                    [37.427537,55.668722],
                    [37.427301,55.669016],
                    [37.427055,55.66934],
                    [37.426658,55.669883],
                    [37.426078,55.670656],
                    [37.425563,55.671332],
                    [37.425145,55.671911],
                    [37.424662,55.672545],
                    [37.424388,55.672915],
                    [37.424002,55.673427],
                    [37.423519,55.674073],
                    [37.423015,55.674752],
                    [37.422554,55.67537],
                    [37.422275,55.67574],
                    [37.421862,55.676289],
                    [37.42161,55.676646],
                    [37.42124,55.677135],
                    [37.420784,55.677744],
                    [37.420371,55.678302],
                    [37.419984,55.678814],
                    [37.419523,55.679438],
                    [37.418933,55.680205],
                    [37.41801,55.681447],
                    [37.417109,55.682701],
                    [37.416868,55.683106],
                    [37.416342,55.684045],
                    [37.416004,55.684824],
                    [37.415453,55.686328],
                    [37.415099,55.687382],
                    [37.414874,55.687879],
                    [37.414659,55.688419],
                    [37.414434,55.688812],
                    [37.414134,55.689364],
                    [37.413844,55.689819],
                    [37.41349,55.690334],
                    [37.41319,55.690728],
                    [37.412803,55.691243],
                    [37.412449,55.691637],
                    [37.411913,55.692212],
                    [37.411537,55.692582],
                    [37.411012,55.693061],
                    [37.410464,55.693533],
                    [37.409703,55.694127],
                    [37.409016,55.694661],
                    [37.408351,55.695151],
                    [37.407643,55.695673],
                    [37.406913,55.696224],
                    [37.406205,55.696733],
                    [37.405647,55.697163],
                    [37.4051,55.697557],
                    [37.404285,55.698163],
                    [37.403222,55.698969],
                    [37.402482,55.699484],
                    [37.401517,55.700217],
                    [37.400873,55.70069],
                    [37.400272,55.701132],
                    [37.399178,55.701932],
                    [37.397885,55.702891],
                    [37.397359,55.703288],
                    [37.397193,55.703443],
                    [37.396871,55.703682],
                    [37.396447,55.704009],
                    [37.396018,55.704312],
                    [37.395423,55.704748],
                    [37.395052,55.705027],
                    [37.394441,55.705484],
                    [37.393883,55.705887],
                    [37.39281,55.706672],
                    [37.392064,55.707241],
                    [37.39134,55.707759],
                    [37.390402,55.708465],
                    [37.389801,55.70898],
                    [37.389227,55.709507],
                    [37.388781,55.709955],
                    [37.387993,55.710809],
                    [37.387483,55.711451],
                    [37.387038,55.712027],
                    [37.386759,55.712496],
                    [37.386276,55.713241],
                    [37.385863,55.714065],
                    [37.385657,55.714372],
                    [37.385477,55.714686],
                    [37.385171,55.715382],
                    [37.384823,55.716088],
                    [37.384463,55.71679],
                    [37.383835,55.718007],
                    [37.383353,55.718949],
                    [37.382929,55.719767],
                    [37.382607,55.720427],
                    [37.382296,55.721011],
                    [37.381974,55.721659],
                    [37.381684,55.722247],
                    [37.381448,55.722682],
                    [37.381116,55.723336],
                    [37.380783,55.724],
                    [37.38044,55.724647],
                    [37.380043,55.725438],
                    [37.379694,55.726104],
                    [37.379335,55.726821],
                    [37.379104,55.727263],
                    [37.378788,55.727899],
                    [37.378417,55.728607],
                    [37.378101,55.729264],
                    [37.378015,55.7294],
                    [37.377999,55.72947],
                    [37.377709,55.730036],
                    [37.37728,55.730805],
                    [37.37699,55.731371],
                    [37.376658,55.732028],
                    [37.376411,55.732533],
                    [37.376084,55.733169],
                    [37.375751,55.733823],
                    [37.375279,55.734746],
                    [37.374909,55.735469],
                    [37.374507,55.736271],
                    [37.374324,55.736613],
                    [37.374035,55.737167],
                    [37.373718,55.73783],
                    [37.373268,55.738687],
                    [37.37294,55.739325],
                    [37.37264,55.739909],
                    [37.372334,55.740521],
                    [37.37198,55.741232],
                    [37.371594,55.741955],
                    [37.371229,55.742699],
                    [37.370945,55.743259],
                    [37.370666,55.743919],
                    [37.37036,55.744663],
                    [37.370231,55.745005],
                    [37.370124,55.745338],
                    [37.369915,55.745971],
                    [37.369738,55.746585],
                    [37.369502,55.74755],
                    [37.369394,55.748192],
                    [37.369266,55.748948],
                    [37.36918,55.749741],
                    [37.369132,55.750654],
                    [37.369126,55.75138],
                    [37.369158,55.752098],
                    [37.36918,55.75279],
                    [37.369196,55.753293],
                    [37.369212,55.753901],
                    [37.369239,55.754605],
                    [37.36926,55.755319],
                    [37.369271,55.756191],
                    [37.369276,55.75698],
                    [37.369298,55.757803],
                    [37.369309,55.75868],
                    [37.369341,55.759533],
                    [37.369362,55.760371],
                    [37.369384,55.761221],
                    [37.369416,55.762383],
                    [37.369443,55.763372],
                    [37.36947,55.764639],
                    [37.369534,55.766617],
                    [37.369577,55.767609],
                    [37.369577,55.768462],
                    [37.369641,55.770173],
                    [37.369695,55.771685],
                    [37.369695,55.773161],
                    [37.369781,55.77486],
                    [37.369824,55.776626],
                    [37.369877,55.778404],
                    [37.36992,55.780043],
                    [37.369963,55.781657],
                    [37.370006,55.782812],
                    [37.370092,55.783519],
                    [37.370296,55.784529],
                    [37.370424,55.785164],
                    [37.370618,55.785708],
                    [37.370811,55.786209],
                    [37.371025,55.786639],
                    [37.371197,55.787032],
                    [37.371562,55.78766],
                    [37.371808,55.788108],
                    [37.372195,55.7887],
                    [37.372828,55.789468],
                    [37.373268,55.789988],
                    [37.374319,55.791148],
                    [37.375167,55.792013],
                    [37.375735,55.792623],
                    [37.376561,55.793463],
                    [37.377087,55.794013],
                    [37.377795,55.794745],
                    [37.378385,55.795349],
                    [37.379029,55.796026],
                    [37.379748,55.796763],
                    [37.380316,55.797368],
                    [37.380971,55.798045],
                    [37.381808,55.798897],
                    [37.382409,55.799531],
                    [37.383149,55.800305],
                    [37.383717,55.800891],
                    [37.38434,55.801568],
                    [37.384983,55.802335],
                    [37.385552,55.803115],
                    [37.385938,55.803659],
                    [37.386335,55.804197],
                    [37.386722,55.804849],
                    [37.387183,55.805629],
                    [37.387462,55.806233],
                    [37.387934,55.807176],
                    [37.38817,55.807804],
                    [37.388384,55.808354],
                    [37.388771,55.809478],
                    [37.389447,55.811568],
                    [37.39008,55.813616],
                    [37.390466,55.814915],
                    [37.390863,55.816171],
                    [37.391271,55.81741],
                    [37.391678,55.818678],
                    [37.392107,55.820037],
                    [37.392601,55.82162],
                    [37.393062,55.8231],
                    [37.393438,55.824247],
                    [37.393524,55.82467],
                    [37.39362,55.825129],
                    [37.393835,55.826174],
                    [37.393985,55.826687],
                    [37.394124,55.827086],
                    [37.394199,55.827418],
                    [37.394328,55.82775],
                    [37.394511,55.828263],
                    [37.39465,55.828746],
                    [37.3948,55.829248],
                    [37.395337,55.830848],
                    [37.395798,55.832043],
                    [37.395905,55.832357],
                    [37.396013,55.832798],
                    [37.396109,55.833106],
                    [37.396141,55.833402],
                    [37.396302,55.834078],
                    [37.39642,55.834724],
                    [37.396453,55.83528],
                    [37.396506,55.835793],
                    [37.396495,55.836234],
                    [37.396474,55.83697],
                    [37.396377,55.837562],
                    [37.396184,55.838383],
                    [37.396002,55.83892],
                    [37.395777,55.83947],
                    [37.395466,55.840206],
                    [37.395187,55.840659],
                    [37.394854,55.841233],
                    [37.394532,55.841661],
                    [37.393813,55.842633],
                    [37.393459,55.843122],
                    [37.392848,55.843949],
                    [37.392622,55.844384],
                    [37.392451,55.844746],
                    [37.392225,55.845398],
                    [37.392032,55.846249],
                    [37.392,55.847004],
                    [37.392043,55.847607],
                    [37.392107,55.847945],
                    [37.392354,55.848748],
                    [37.392579,55.849243],
                    [37.393019,55.850088],
                    [37.393373,55.850758],
                    [37.393888,55.851699],
                    [37.394232,55.852339],
                    [37.394757,55.853335],
                    [37.395229,55.854228],
                    [37.396656,55.856871],
                    [37.397633,55.858681],
                    [37.398169,55.859587],
                    [37.398416,55.859973],
                    [37.398759,55.860449],
                    [37.399081,55.860854],
                    [37.399789,55.861741],
                    [37.400926,55.863032],
                    [37.402235,55.864311],
                    [37.402858,55.86486],
                    [37.40421,55.865976],
                    [37.405615,55.867056],
                    [37.406999,55.867979],
                    [37.408984,55.869186],
                    [37.411151,55.870344],
                    [37.414413,55.87187],
                    [37.416902,55.872823],
                    [37.419359,55.873674],
                    [37.421043,55.874204],
                    [37.423736,55.875037],
                    [37.425281,55.875531],
                    [37.428199,55.876442],
                    [37.429991,55.877015],
                    [37.432523,55.877805],
                    [37.435742,55.87877],
                    [37.438842,55.879759],
                    [37.440752,55.880356],
                    [37.441589,55.880591],
                    [37.442254,55.880784],
                    [37.44381,55.881195],
                    [37.445322,55.881496],
                    [37.446599,55.881737],
                    [37.448316,55.882015],
                    [37.450204,55.882232],
                    [37.451663,55.882364],
                    [37.453889,55.882486],
                    [37.455927,55.882498],
                    [37.457794,55.882546],
                    [37.461034,55.882606],
                    [37.462601,55.882679],
                    [37.463909,55.882799],
                    [37.465733,55.88298],
                    [37.466849,55.883161],
                    [37.468008,55.88339],
                    [37.470025,55.883837],
                    [37.471699,55.884259],
                    [37.474939,55.885091],
                    [37.477771,55.88579],
                    [37.481161,55.886647],
                    [37.482578,55.886996],
                    [37.485052,55.887623],
                    [37.486575,55.888009],
                    [37.487487,55.888298],
                    [37.488689,55.888696],
                    [37.489858,55.889106],
                    [37.490867,55.889516],
                    [37.492122,55.890022],
                    [37.493678,55.890716],
                    [37.495652,55.891602],
                    [37.49739,55.89235],
                    [37.499171,55.893145],
                    [37.500201,55.893604],
                    [37.502218,55.89449],
                    [37.504224,55.895352],
                    [37.506391,55.896298],
                    [37.51137,55.898511],
                    [37.515801,55.900446],
                    [37.519427,55.902043],
                    [37.522785,55.90352],
                    [37.524008,55.904026],
                    [37.525113,55.904448],
                    [37.526637,55.904948],
                    [37.527763,55.905292],
                    [37.529383,55.905738],
                    [37.530349,55.905949],
                    [37.531529,55.90619],
                    [37.532913,55.906455],
                    [37.534265,55.906666],
                    [37.536035,55.906895],
                    [37.538095,55.907106],
                    [37.539876,55.907305],
                    [37.542837,55.907612],
                    [37.545477,55.907895],
                    [37.554789,55.908884],
                    [37.563812,55.909842],
                    [37.570046,55.910505],
                    [37.572148,55.910722],
                    [37.574316,55.910872],
                    [37.57717,55.910944],
                    [37.578811,55.910926],
                    [37.582073,55.910703],
                    [37.585087,55.91036],
                    [37.587416,55.909944],
                    [37.590076,55.909354],
                    [37.591364,55.908998],
                    [37.593424,55.908426],
                    [37.594743,55.908052],
                    [37.597125,55.907389],
                    [37.599453,55.906732],
                    [37.602339,55.905924],
                    [37.605065,55.905153],
                    [37.606255,55.904834],
                    [37.608455,55.904213],
                    [37.609624,55.903887],
                    [37.611287,55.903459],
                    [37.612575,55.903134],
                    [37.613809,55.902815],
                    [37.615933,55.902296],
                    [37.617188,55.902001],
                    [37.619173,55.901537],
                    [37.620857,55.901163],
                    [37.622896,55.900735],
                    [37.62428,55.900446],
                    [37.626147,55.90006],
                    [37.628207,55.89968],
                    [37.629762,55.899385],
                    [37.631576,55.899053],
                    [37.63252,55.898909],
                    [37.634515,55.898577],
                    [37.635846,55.898354],
                    [37.638485,55.897974],
                    [37.641654,55.897509]
                ]
